
=========================================================================================================
                               GEMMul8 PROFILING RESULTS
                         (Median over timed iterations, 10 warmup skipped)
=========================================================================================================

TABLE 1: All Configurations (Absolute Times)
+--------+--------+------------+------------+------------+------------+
|  Size  | Moduli | Scale (ms) | GEMM (ms)  | Recon (ms) | Total (ms) |
+--------+--------+------------+------------+------------+------------+
|    384 |     12 |      0.048 |      0.274 |      0.016 |      0.300 |
|    384 |     16 |      0.053 |      0.359 |      0.018 |      0.400 |
|    512 |     12 |      0.052 |      0.263 |      0.017 |      0.300 |
|    512 |     16 |      0.053 |      0.344 |      0.018 |      0.400 |
|   1024 |     12 |      0.070 |      0.277 |      0.026 |      0.400 |
|   1024 |     16 |      0.076 |      0.364 |      0.030 |      0.500 |
|   2048 |     12 |      0.148 |      0.387 |      0.087 |      0.600 |
|   2048 |     16 |      0.162 |      0.513 |      0.117 |      0.800 |
|   4096 |     12 |      0.453 |      0.973 |      0.287 |      1.700 |
|   4096 |     16 |      0.503 |      1.294 |      0.361 |      2.200 |
|   8192 |     12 |      2.144 |      5.230 |      1.094 |      8.500 |
|   8192 |     16 |      2.352 |      6.911 |      1.399 |     10.700 |
|  16384 |     12 |      9.914 |     39.870 |      4.345 |     54.100 |
|  16384 |     16 |     11.037 |     53.208 |      5.567 |     69.800 |
|  24576 |     12 |     26.036 |    133.654 |      9.182 |    168.900 |
|  24576 |     16 |     28.635 |    177.691 |     11.828 |    218.200 |
|  32768 |     12 |     53.622 |    312.250 |     16.668 |    382.500 |
|  32768 |     16 |     59.418 |    416.233 |     21.480 |    506.900 |
|  40960 |     12 |     88.057 |    609.251 |     25.212 |    722.500 |
|  40960 |     16 |     95.905 |    827.084 |     32.756 |    959.500 |
+--------+--------+------------+------------+------------+------------+

TABLE 2: 12 Moduli Only (Absolute Times)
+--------+------------+------------+------------+------------+
|  Size  | Scale (ms) | GEMM (ms)  | Recon (ms) | Total (ms) |
+--------+------------+------------+------------+------------+
|    384 |      0.048 |      0.274 |      0.016 |      0.300 |
|    512 |      0.052 |      0.263 |      0.017 |      0.300 |
|   1024 |      0.070 |      0.277 |      0.026 |      0.400 |
|   2048 |      0.148 |      0.387 |      0.087 |      0.600 |
|   4096 |      0.453 |      0.973 |      0.287 |      1.700 |
|   8192 |      2.144 |      5.230 |      1.094 |      8.500 |
|  16384 |      9.914 |     39.870 |      4.345 |     54.100 |
|  24576 |     26.036 |    133.654 |      9.182 |    168.900 |
|  32768 |     53.622 |    312.250 |     16.668 |    382.500 |
|  40960 |     88.057 |    609.251 |     25.212 |    722.500 |
+--------+------------+------------+------------+------------+

TABLE 3: 16 Moduli Only (Absolute Times)
+--------+------------+------------+------------+------------+
|  Size  | Scale (ms) | GEMM (ms)  | Recon (ms) | Total (ms) |
+--------+------------+------------+------------+------------+
|    384 |      0.053 |      0.359 |      0.018 |      0.400 |
|    512 |      0.053 |      0.344 |      0.018 |      0.400 |
|   1024 |      0.076 |      0.364 |      0.030 |      0.500 |
|   2048 |      0.162 |      0.513 |      0.117 |      0.800 |
|   4096 |      0.503 |      1.294 |      0.361 |      2.200 |
|   8192 |      2.352 |      6.911 |      1.399 |     10.700 |
|  16384 |     11.037 |     53.208 |      5.567 |     69.800 |
|  24576 |     28.635 |    177.691 |     11.828 |    218.200 |
|  32768 |     59.418 |    416.233 |     21.480 |    506.900 |
|  40960 |     95.905 |    827.084 |     32.756 |    959.500 |
+--------+------------+------------+------------+------------+

TABLE 4: 12 Moduli Only (Percentage of Execution)
+--------+------------+------------+------------+
|  Size  | Scale (%)  | GEMM (%)   | Recon (%)  |
+--------+------------+------------+------------+
|    384 |       14.2 |       81.1 |        4.7 |
|    512 |       15.7 |       79.2 |        5.1 |
|   1024 |       18.8 |       74.3 |        7.0 |
|   2048 |       23.8 |       62.2 |       14.0 |
|   4096 |       26.4 |       56.8 |       16.8 |
|   8192 |       25.3 |       61.8 |       12.9 |
|  16384 |       18.3 |       73.7 |        8.0 |
|  24576 |       15.4 |       79.1 |        5.4 |
|  32768 |       14.0 |       81.6 |        4.4 |
|  40960 |       12.2 |       84.3 |        3.5 |
+--------+------------+------------+------------+

TABLE 5: 16 Moduli Only (Percentage of Execution)
+--------+------------+------------+------------+
|  Size  | Scale (%)  | GEMM (%)   | Recon (%)  |
+--------+------------+------------+------------+
|    384 |       12.3 |       83.5 |        4.2 |
|    512 |       12.8 |       82.9 |        4.3 |
|   1024 |       16.2 |       77.4 |        6.4 |
|   2048 |       20.5 |       64.8 |       14.8 |
|   4096 |       23.3 |       60.0 |       16.7 |
|   8192 |       22.1 |       64.8 |       13.1 |
|  16384 |       15.8 |       76.2 |        8.0 |
|  24576 |       13.1 |       81.5 |        5.4 |
|  32768 |       12.0 |       83.7 |        4.3 |
|  40960 |       10.0 |       86.5 |        3.4 |
+--------+------------+------------+------------+
